 !FromTopology={TP1_pulmonary}

 !ToTopology={TP1}


 !NewElementMapDefinition
           1       47515
         0.0000000000000000        0.0000000000000000        0.0000000000000000     
         0.0000000000000000        1.0000000000000000        0.0000000000000000     
         0.0000000000000000        0.0000000000000000        1.0000000000000000     

 !NewElementMapDefinition
           2       39257
         0.0000000000000000        0.0000000000000000        0.0000000000000000     
         1.0000000000000000        0.0000000000000000        0.0000000000000000     
         0.0000000000000000        1.0000000000000000        0.0000000000000000     

 !NewElementMapDefinition
           3       46080
         0.0000000000000000        0.0000000000000000        0.0000000000000000     
         0.0000000000000000        1.0000000000000000        0.0000000000000000     
         0.0000000000000000        0.0000000000000000        1.0000000000000000     

 !NewElementMapDefinition
           4       41643
         0.0000000000000000        0.0000000000000000        0.0000000000000000     
         1.0000000000000000        0.0000000000000000        0.0000000000000000     
         0.0000000000000000        1.0000000000000000        0.0000000000000000     

 !NewElementMapDefinition
           5       39545
         0.0000000000000000        0.0000000000000000        0.0000000000000000     
         1.0000000000000000        0.0000000000000000        0.0000000000000000     
         0.0000000000000000        1.0000000000000000        0.0000000000000000     

 !NewElementMapDefinition
           6       41781
         0.0000000000000000        0.0000000000000000        0.0000000000000000     
         1.0000000000000000        0.0000000000000000        0.0000000000000000     
         0.0000000000000000        0.0000000000000000        1.0000000000000000     

 !NewElementMapDefinition
           7       44107
         0.0000000000000000        0.0000000000000000        0.0000000000000000     
         1.0000000000000000        0.0000000000000000        0.0000000000000000     
         0.0000000000000000        1.0000000000000000        0.0000000000000000     

 !NewElementMapDefinition
           8       44110
         1.0000000000000000        0.0000000000000000        0.0000000000000000     
         0.0000000000000000        1.0000000000000000        0.0000000000000000     
         0.0000000000000000        0.0000000000000000        1.0000000000000000     

 !NewElementMapDefinition
           9       44108
         0.0000000000000000        0.0000000000000000        0.0000000000000000     
         1.0000000000000000        0.0000000000000000        0.0000000000000000     
         0.0000000000000000        1.0000000000000000        0.0000000000000000     

 !NewElementMapDefinition
          10       46113
         1.0000000000000000        0.0000000000000000        0.0000000000000000     
         0.0000000000000000        1.0000000000000000        0.0000000000000000     
         0.0000000000000000        0.0000000000000000        1.0000000000000000     

 !NewElementMapDefinition
          11       47517
         1.0000000000000000        0.0000000000000000        0.0000000000000000     
         0.0000000000000000        1.0000000000000000        0.0000000000000000     
         0.0000000000000000        0.0000000000000000        1.0000000000000000     

 !NewElementMapDefinition
          12       46083
         0.0000000000000000        0.0000000000000000        0.0000000000000000     
         0.0000000000000000        1.0000000000000000        0.0000000000000000     
         0.0000000000000000        0.0000000000000000        1.0000000000000000     

 !NewElementMapDefinition
          13       46077
         0.0000000000000000        0.0000000000000000        0.0000000000000000     
         1.0000000000000000        0.0000000000000000        0.0000000000000000     
         0.0000000000000000        0.0000000000000000        1.0000000000000000     

 !NewElementMapDefinition
          14       39419
         0.0000000000000000        0.0000000000000000        0.0000000000000000     
         0.0000000000000000        1.0000000000000000        0.0000000000000000     
         0.0000000000000000        0.0000000000000000        1.0000000000000000     

 !NewElementMapDefinition
          15       39340
         0.0000000000000000        0.0000000000000000        0.0000000000000000     
         1.0000000000000000        0.0000000000000000        0.0000000000000000     
         0.0000000000000000        1.0000000000000000        0.0000000000000000     

 !NewElementMapDefinition
          16       39417
         0.0000000000000000        0.0000000000000000        0.0000000000000000     
         1.0000000000000000        0.0000000000000000        0.0000000000000000     
         0.0000000000000000        1.0000000000000000        0.0000000000000000     

 !NewElementMapDefinition
          17       41648
         0.0000000000000000        0.0000000000000000        0.0000000000000000     
         1.0000000000000000        0.0000000000000000        0.0000000000000000     
         0.0000000000000000        1.0000000000000000        0.0000000000000000     

 !NewElementMapDefinition
          18       39488
         0.0000000000000000        0.0000000000000000        0.0000000000000000     
         1.0000000000000000        0.0000000000000000        0.0000000000000000     
         0.0000000000000000        0.0000000000000000        1.0000000000000000     

 !NewElementMapDefinition
          19       39529
         0.0000000000000000        0.0000000000000000        0.0000000000000000     
         1.0000000000000000        0.0000000000000000        0.0000000000000000     
         0.0000000000000000        1.0000000000000000        0.0000000000000000     

 !NewElementMapDefinition
          20       39259
         1.0000000000000000        0.0000000000000000        0.0000000000000000     
         0.0000000000000000        1.0000000000000000        0.0000000000000000     
         0.0000000000000000        0.0000000000000000        1.0000000000000000     

 !NewElementMapDefinition
          21       44137
         0.0000000000000000        0.0000000000000000        0.0000000000000000     
         1.0000000000000000        0.0000000000000000        0.0000000000000000     
         0.0000000000000000        1.0000000000000000        0.0000000000000000     

 !NewElementMapDefinition
          22       39530
         0.0000000000000000        0.0000000000000000        0.0000000000000000     
         1.0000000000000000        0.0000000000000000        0.0000000000000000     
         0.0000000000000000        1.0000000000000000        0.0000000000000000     

 !NewElementMapDefinition
          23       47949
         0.0000000000000000        0.0000000000000000        0.0000000000000000     
         0.0000000000000000        1.0000000000000000        0.0000000000000000     
         0.0000000000000000        0.0000000000000000        1.0000000000000000     

 !NewElementMapDefinition
          24       46100
         0.0000000000000000        0.0000000000000000        0.0000000000000000     
         1.0000000000000000        0.0000000000000000        0.0000000000000000     
         0.0000000000000000        0.0000000000000000        1.0000000000000000     

 !NewElementMapDefinition
          25       39403
         0.0000000000000000        0.0000000000000000        0.0000000000000000     
         1.0000000000000000        0.0000000000000000        0.0000000000000000     
         0.0000000000000000        1.0000000000000000        0.0000000000000000     

 !NewElementMapDefinition
          26       39341
         0.0000000000000000        0.0000000000000000        0.0000000000000000     
         1.0000000000000000        0.0000000000000000        0.0000000000000000     
         0.0000000000000000        1.0000000000000000        0.0000000000000000     

 !NewElementMapDefinition
          27       44136
         0.0000000000000000        0.0000000000000000        0.0000000000000000     
         1.0000000000000000        0.0000000000000000        0.0000000000000000     
         0.0000000000000000        1.0000000000000000        0.0000000000000000     

 !NewElementMapDefinition
          28       39420
         1.0000000000000000        0.0000000000000000        0.0000000000000000     
         0.0000000000000000        1.0000000000000000        0.0000000000000000     
         0.0000000000000000        0.0000000000000000        1.0000000000000000     

 !NewElementMapDefinition
          29       42783
         0.0000000000000000        0.0000000000000000        0.0000000000000000     
         1.0000000000000000        0.0000000000000000        0.0000000000000000     
         0.0000000000000000        1.0000000000000000        0.0000000000000000     

 !NewElementMapDefinition
          30       39524
         0.0000000000000000        0.0000000000000000        0.0000000000000000     
         1.0000000000000000        0.0000000000000000        0.0000000000000000     
         0.0000000000000000        1.0000000000000000        0.0000000000000000     

 !NewElementMapDefinition
          31       39369
         1.0000000000000000        0.0000000000000000        0.0000000000000000     
         0.0000000000000000        1.0000000000000000        0.0000000000000000     
         0.0000000000000000        0.0000000000000000        1.0000000000000000     

 !NewElementMapDefinition
          32       41642
         0.0000000000000000        0.0000000000000000        0.0000000000000000     
         1.0000000000000000        0.0000000000000000        0.0000000000000000     
         0.0000000000000000        1.0000000000000000        0.0000000000000000     

 !NewElementMapDefinition
          33       41646
         0.0000000000000000        0.0000000000000000        0.0000000000000000     
         1.0000000000000000        0.0000000000000000        0.0000000000000000     
         0.0000000000000000        0.0000000000000000        1.0000000000000000     

 !NewElementMapDefinition
          34         163
         0.0000000000000000        0.0000000000000000        0.0000000000000000     
         0.0000000000000000        1.0000000000000000        0.0000000000000000     
         0.0000000000000000        0.0000000000000000        1.0000000000000000     

 !NewElementMapDefinition
          35         164
         0.0000000000000000        0.0000000000000000        0.0000000000000000     
         0.0000000000000000        1.0000000000000000        0.0000000000000000     
         0.0000000000000000        0.0000000000000000        1.0000000000000000     

 !NewElementMapDefinition
          36         166
         1.0000000000000000        0.0000000000000000        0.0000000000000000     
         0.0000000000000000        1.0000000000000000        0.0000000000000000     
         0.0000000000000000        0.0000000000000000        1.0000000000000000     

 !NewElementMapDefinition
          37         167
         0.0000000000000000        0.0000000000000000        0.0000000000000000     
         0.0000000000000000        1.0000000000000000        0.0000000000000000     
         0.0000000000000000        0.0000000000000000        1.0000000000000000     

 !NewElementMapDefinition
          38         211
         0.0000000000000000        0.0000000000000000        0.0000000000000000     
         1.0000000000000000        0.0000000000000000        0.0000000000000000     
         0.0000000000000000        0.0000000000000000        1.0000000000000000     

 !NewElementMapDefinition
          39         212
         0.0000000000000000        0.0000000000000000        0.0000000000000000     
         0.0000000000000000        1.0000000000000000        0.0000000000000000     
         0.0000000000000000        0.0000000000000000        1.0000000000000000     

 !NewElementMapDefinition
          40         214
         1.0000000000000000        0.0000000000000000        0.0000000000000000     
         0.0000000000000000        1.0000000000000000        0.0000000000000000     
         0.0000000000000000        0.0000000000000000        1.0000000000000000     

 !NewElementMapDefinition
          41         215
         0.0000000000000000        0.0000000000000000        0.0000000000000000     
         0.0000000000000000        1.0000000000000000        0.0000000000000000     
         0.0000000000000000        0.0000000000000000        1.0000000000000000     

 !NewElementMapDefinition
          42         271
         0.0000000000000000        0.0000000000000000        0.0000000000000000     
         1.0000000000000000        0.0000000000000000        0.0000000000000000     
         0.0000000000000000        0.0000000000000000        1.0000000000000000     

 !NewElementMapDefinition
          43         272
         0.0000000000000000        0.0000000000000000        0.0000000000000000     
         0.0000000000000000        1.0000000000000000        0.0000000000000000     
         0.0000000000000000        0.0000000000000000        1.0000000000000000     

 !NewElementMapDefinition
          44         274
         1.0000000000000000        0.0000000000000000        0.0000000000000000     
         0.0000000000000000        1.0000000000000000        0.0000000000000000     
         0.0000000000000000        0.0000000000000000        1.0000000000000000     

 !NewElementMapDefinition
          45         275
         0.0000000000000000        0.0000000000000000        0.0000000000000000     
         0.0000000000000000        1.0000000000000000        0.0000000000000000     
         0.0000000000000000        0.0000000000000000        1.0000000000000000     

 !NewElementMapDefinition
          46        1063
         1.0000000000000000        0.0000000000000000        0.0000000000000000     
         0.0000000000000000        1.0000000000000000        0.0000000000000000     
         0.0000000000000000        0.0000000000000000        1.0000000000000000     

 !NewElementMapDefinition
          47        1064
         0.0000000000000000        0.0000000000000000        0.0000000000000000     
         0.0000000000000000        1.0000000000000000        0.0000000000000000     
         0.0000000000000000        0.0000000000000000        1.0000000000000000     

 !NewElementMapDefinition
          48        1066
         1.0000000000000000        0.0000000000000000        0.0000000000000000     
         0.0000000000000000        1.0000000000000000        0.0000000000000000     
         0.0000000000000000        0.0000000000000000        1.0000000000000000     

 !NewElementMapDefinition
          49        1067
         0.0000000000000000        0.0000000000000000        0.0000000000000000     
         0.0000000000000000        1.0000000000000000        0.0000000000000000     
         0.0000000000000000        0.0000000000000000        1.0000000000000000     

 !NewElementMapDefinition
          50        1099
         1.0000000000000000        0.0000000000000000        0.0000000000000000     
         0.0000000000000000        1.0000000000000000        0.0000000000000000     
         0.0000000000000000        0.0000000000000000        1.0000000000000000     

 !NewElementMapDefinition
          51        1100
         0.0000000000000000        0.0000000000000000        0.0000000000000000     
         0.0000000000000000        1.0000000000000000        0.0000000000000000     
         0.0000000000000000        0.0000000000000000        1.0000000000000000     

 !NewElementMapDefinition
          52        1102
         1.0000000000000000        0.0000000000000000        0.0000000000000000     
         0.0000000000000000        1.0000000000000000        0.0000000000000000     
         0.0000000000000000        0.0000000000000000        1.0000000000000000     

 !NewElementMapDefinition
          53        1103
         0.0000000000000000        0.0000000000000000        0.0000000000000000     
         0.0000000000000000        1.0000000000000000        0.0000000000000000     
         0.0000000000000000        0.0000000000000000        1.0000000000000000     

 !NewElementMapDefinition
          54        1759
         0.0000000000000000        0.0000000000000000        0.0000000000000000     
         0.0000000000000000        1.0000000000000000        0.0000000000000000     
         0.0000000000000000        0.0000000000000000        1.0000000000000000     

 !NewElementMapDefinition
          55        1760
         0.0000000000000000        0.0000000000000000        0.0000000000000000     
         0.0000000000000000        1.0000000000000000        0.0000000000000000     
         0.0000000000000000        0.0000000000000000        1.0000000000000000     

 !NewElementMapDefinition
          56        1762
         1.0000000000000000        0.0000000000000000        0.0000000000000000     
         0.0000000000000000        1.0000000000000000        0.0000000000000000     
         0.0000000000000000        0.0000000000000000        1.0000000000000000     

 !NewElementMapDefinition
          57        1763
         0.0000000000000000        0.0000000000000000        0.0000000000000000     
         0.0000000000000000        1.0000000000000000        0.0000000000000000     
         0.0000000000000000        0.0000000000000000        1.0000000000000000     

 !NewElementMapDefinition
          58        1765
         0.0000000000000000        0.0000000000000000        0.0000000000000000     
         0.0000000000000000        1.0000000000000000        0.0000000000000000     
         0.0000000000000000        0.0000000000000000        1.0000000000000000     

 !NewElementMapDefinition
          59        1766
         0.0000000000000000        0.0000000000000000        0.0000000000000000     
         0.0000000000000000        1.0000000000000000        0.0000000000000000     
         0.0000000000000000        0.0000000000000000        1.0000000000000000     

 !NewElementMapDefinition
          60        1768
         1.0000000000000000        0.0000000000000000        0.0000000000000000     
         0.0000000000000000        1.0000000000000000        0.0000000000000000     
         0.0000000000000000        0.0000000000000000        1.0000000000000000     

 !NewElementMapDefinition
          61        1769
         0.0000000000000000        0.0000000000000000        0.0000000000000000     
         0.0000000000000000        1.0000000000000000        0.0000000000000000     
         0.0000000000000000        0.0000000000000000        1.0000000000000000     

 !NewElementMapDefinition
          62        1771
         0.0000000000000000        0.0000000000000000        0.0000000000000000     
         0.0000000000000000        1.0000000000000000        0.0000000000000000     
         0.0000000000000000        0.0000000000000000        1.0000000000000000     

 !NewElementMapDefinition
          63        1772
         0.0000000000000000        0.0000000000000000        0.0000000000000000     
         0.0000000000000000        1.0000000000000000        0.0000000000000000     
         0.0000000000000000        0.0000000000000000        1.0000000000000000     

 !NewElementMapDefinition
          64        1774
         1.0000000000000000        0.0000000000000000        0.0000000000000000     
         0.0000000000000000        1.0000000000000000        0.0000000000000000     
         0.0000000000000000        0.0000000000000000        1.0000000000000000     

 !NewElementMapDefinition
          65        1775
         0.0000000000000000        0.0000000000000000        0.0000000000000000     
         0.0000000000000000        1.0000000000000000        0.0000000000000000     
         0.0000000000000000        0.0000000000000000        1.0000000000000000     

 !NewElementMapDefinition
          66        3577
         1.0000000000000000        0.0000000000000000        0.0000000000000000     
         0.0000000000000000        1.0000000000000000        0.0000000000000000     
         0.0000000000000000        0.0000000000000000        1.0000000000000000     

 !NewElementMapDefinition
          67        3578
         0.0000000000000000        0.0000000000000000        0.0000000000000000     
         0.0000000000000000        1.0000000000000000        0.0000000000000000     
         0.0000000000000000        0.0000000000000000        1.0000000000000000     

 !NewElementMapDefinition
          68        3580
         1.0000000000000000        0.0000000000000000        0.0000000000000000     
         0.0000000000000000        1.0000000000000000        0.0000000000000000     
         0.0000000000000000        0.0000000000000000        1.0000000000000000     

 !NewElementMapDefinition
          69        3581
         0.0000000000000000        0.0000000000000000        0.0000000000000000     
         0.0000000000000000        1.0000000000000000        0.0000000000000000     
         0.0000000000000000        0.0000000000000000        1.0000000000000000     

 !NewElementMapDefinition
          70        3583
         0.0000000000000000        0.0000000000000000        0.0000000000000000     
         1.0000000000000000        0.0000000000000000        0.0000000000000000     
         0.0000000000000000        0.0000000000000000        1.0000000000000000     

 !NewElementMapDefinition
          71        3584
         0.0000000000000000        0.0000000000000000        0.0000000000000000     
         0.0000000000000000        1.0000000000000000        0.0000000000000000     
         0.0000000000000000        0.0000000000000000        1.0000000000000000     

 !NewElementMapDefinition
          72        3586
         1.0000000000000000        0.0000000000000000        0.0000000000000000     
         0.0000000000000000        1.0000000000000000        0.0000000000000000     
         0.0000000000000000        0.0000000000000000        1.0000000000000000     

 !NewElementMapDefinition
          73        3587
         0.0000000000000000        0.0000000000000000        0.0000000000000000     
         0.0000000000000000        1.0000000000000000        0.0000000000000000     
         0.0000000000000000        0.0000000000000000        1.0000000000000000     

 !NewElementMapDefinition
          74        3589
         0.0000000000000000        0.0000000000000000        0.0000000000000000     
         0.0000000000000000        1.0000000000000000        0.0000000000000000     
         0.0000000000000000        0.0000000000000000        1.0000000000000000     

 !NewElementMapDefinition
          75        3590
         0.0000000000000000        0.0000000000000000        0.0000000000000000     
         0.0000000000000000        1.0000000000000000        0.0000000000000000     
         0.0000000000000000        0.0000000000000000        1.0000000000000000     

 !NewElementMapDefinition
          76        3592
         1.0000000000000000        0.0000000000000000        0.0000000000000000     
         0.0000000000000000        1.0000000000000000        0.0000000000000000     
         0.0000000000000000        0.0000000000000000        1.0000000000000000     

 !NewElementMapDefinition
          77        3593
         0.0000000000000000        0.0000000000000000        0.0000000000000000     
         0.0000000000000000        1.0000000000000000        0.0000000000000000     
         0.0000000000000000        0.0000000000000000        1.0000000000000000     

 !NewElementMapDefinition
          78        3595
         0.0000000000000000        0.0000000000000000        0.0000000000000000     
         0.0000000000000000        1.0000000000000000        0.0000000000000000     
         0.0000000000000000        0.0000000000000000        1.0000000000000000     

 !NewElementMapDefinition
          79        3596
         0.0000000000000000        0.0000000000000000        0.0000000000000000     
         0.0000000000000000        1.0000000000000000        0.0000000000000000     
         0.0000000000000000        0.0000000000000000        1.0000000000000000     

 !NewElementMapDefinition
          80        3598
         1.0000000000000000        0.0000000000000000        0.0000000000000000     
         0.0000000000000000        1.0000000000000000        0.0000000000000000     
         0.0000000000000000        0.0000000000000000        1.0000000000000000     

 !NewElementMapDefinition
          81        3599
         0.0000000000000000        0.0000000000000000        0.0000000000000000     
         0.0000000000000000        1.0000000000000000        0.0000000000000000     
         0.0000000000000000        0.0000000000000000        1.0000000000000000     

 !NewElementMapDefinition
          82        3667
         1.0000000000000000        0.0000000000000000        0.0000000000000000     
         0.0000000000000000        1.0000000000000000        0.0000000000000000     
         0.0000000000000000        0.0000000000000000        1.0000000000000000     

 !NewElementMapDefinition
          83        3668
         0.0000000000000000        0.0000000000000000        0.0000000000000000     
         0.0000000000000000        1.0000000000000000        0.0000000000000000     
         0.0000000000000000        0.0000000000000000        1.0000000000000000     

 !NewElementMapDefinition
          84        3670
         1.0000000000000000        0.0000000000000000        0.0000000000000000     
         0.0000000000000000        1.0000000000000000        0.0000000000000000     
         0.0000000000000000        0.0000000000000000        1.0000000000000000     

 !NewElementMapDefinition
          85        3671
         0.0000000000000000        0.0000000000000000        0.0000000000000000     
         0.0000000000000000        1.0000000000000000        0.0000000000000000     
         0.0000000000000000        0.0000000000000000        1.0000000000000000     

 !NewElementMapDefinition
          86        3871
         0.0000000000000000        0.0000000000000000        0.0000000000000000     
         1.0000000000000000        0.0000000000000000        0.0000000000000000     
         0.0000000000000000        0.0000000000000000        1.0000000000000000     

 !NewElementMapDefinition
          87        3872
         0.0000000000000000        0.0000000000000000        0.0000000000000000     
         0.0000000000000000        1.0000000000000000        0.0000000000000000     
         0.0000000000000000        0.0000000000000000        1.0000000000000000     

 !NewElementMapDefinition
          88        3874
         1.0000000000000000        0.0000000000000000        0.0000000000000000     
         0.0000000000000000        1.0000000000000000        0.0000000000000000     
         0.0000000000000000        0.0000000000000000        1.0000000000000000     

 !NewElementMapDefinition
          89        3875
         0.0000000000000000        0.0000000000000000        0.0000000000000000     
         0.0000000000000000        1.0000000000000000        0.0000000000000000     
         0.0000000000000000        0.0000000000000000        1.0000000000000000     

 !NewElementMapDefinition
          90        4279
         1.0000000000000000        0.0000000000000000        0.0000000000000000     
         0.0000000000000000        1.0000000000000000        0.0000000000000000     
         0.0000000000000000        0.0000000000000000        1.0000000000000000     

 !NewElementMapDefinition
          91        4280
         0.0000000000000000        0.0000000000000000        0.0000000000000000     
         0.0000000000000000        1.0000000000000000        0.0000000000000000     
         0.0000000000000000        0.0000000000000000        1.0000000000000000     

 !NewElementMapDefinition
          92        4282
         1.0000000000000000        0.0000000000000000        0.0000000000000000     
         0.0000000000000000        1.0000000000000000        0.0000000000000000     
         0.0000000000000000        0.0000000000000000        1.0000000000000000     

 !NewElementMapDefinition
          93        4283
         0.0000000000000000        0.0000000000000000        0.0000000000000000     
         0.0000000000000000        1.0000000000000000        0.0000000000000000     
         0.0000000000000000        0.0000000000000000        1.0000000000000000     

 !NewElementMapDefinition
          94        5065
         0.0000000000000000        0.0000000000000000        0.0000000000000000     
         0.0000000000000000        1.0000000000000000        0.0000000000000000     
         0.0000000000000000        0.0000000000000000        1.0000000000000000     

 !NewElementMapDefinition
          95        5066
         0.0000000000000000        0.0000000000000000        0.0000000000000000     
         0.0000000000000000        1.0000000000000000        0.0000000000000000     
         0.0000000000000000        0.0000000000000000        1.0000000000000000     

 !NewElementMapDefinition
          96        5068
         1.0000000000000000        0.0000000000000000        0.0000000000000000     
         0.0000000000000000        1.0000000000000000        0.0000000000000000     
         0.0000000000000000        0.0000000000000000        1.0000000000000000     

 !NewElementMapDefinition
          97        5069
         0.0000000000000000        0.0000000000000000        0.0000000000000000     
         0.0000000000000000        1.0000000000000000        0.0000000000000000     
         0.0000000000000000        0.0000000000000000        1.0000000000000000     

 !NewElementMapDefinition
          98        6541
         1.0000000000000000        0.0000000000000000        0.0000000000000000     
         0.0000000000000000        1.0000000000000000        0.0000000000000000     
         0.0000000000000000        0.0000000000000000        1.0000000000000000     

 !NewElementMapDefinition
          99        6542
         0.0000000000000000        0.0000000000000000        0.0000000000000000     
         0.0000000000000000        1.0000000000000000        0.0000000000000000     
         0.0000000000000000        0.0000000000000000        1.0000000000000000     

 !NewElementMapDefinition
         100        6544
         1.0000000000000000        0.0000000000000000        0.0000000000000000     
         0.0000000000000000        1.0000000000000000        0.0000000000000000     
         0.0000000000000000        0.0000000000000000        1.0000000000000000     

 !NewElementMapDefinition
         101        6545
         0.0000000000000000        0.0000000000000000        0.0000000000000000     
         0.0000000000000000        1.0000000000000000        0.0000000000000000     
         0.0000000000000000        0.0000000000000000        1.0000000000000000     

 !NewElementMapDefinition
         102        6727
         1.0000000000000000        0.0000000000000000        0.0000000000000000     
         0.0000000000000000        1.0000000000000000        0.0000000000000000     
         0.0000000000000000        0.0000000000000000        1.0000000000000000     

 !NewElementMapDefinition
         103        6728
         0.0000000000000000        0.0000000000000000        0.0000000000000000     
         0.0000000000000000        1.0000000000000000        0.0000000000000000     
         0.0000000000000000        0.0000000000000000        1.0000000000000000     

 !NewElementMapDefinition
         104        6730
         1.0000000000000000        0.0000000000000000        0.0000000000000000     
         0.0000000000000000        1.0000000000000000        0.0000000000000000     
         0.0000000000000000        0.0000000000000000        1.0000000000000000     

 !NewElementMapDefinition
         105        6731
         0.0000000000000000        0.0000000000000000        0.0000000000000000     
         0.0000000000000000        1.0000000000000000        0.0000000000000000     
         0.0000000000000000        0.0000000000000000        1.0000000000000000     

 !NewElementMapDefinition
         106        6781
         0.0000000000000000        0.0000000000000000        0.0000000000000000     
         0.0000000000000000        1.0000000000000000        0.0000000000000000     
         0.0000000000000000        0.0000000000000000        1.0000000000000000     

 !NewElementMapDefinition
         107        6782
         0.0000000000000000        0.0000000000000000        0.0000000000000000     
         0.0000000000000000        1.0000000000000000        0.0000000000000000     
         0.0000000000000000        0.0000000000000000        1.0000000000000000     

 !NewElementMapDefinition
         108        6784
         1.0000000000000000        0.0000000000000000        0.0000000000000000     
         0.0000000000000000        1.0000000000000000        0.0000000000000000     
         0.0000000000000000        0.0000000000000000        1.0000000000000000     

 !NewElementMapDefinition
         109        6785
         0.0000000000000000        0.0000000000000000        0.0000000000000000     
         0.0000000000000000        1.0000000000000000        0.0000000000000000     
         0.0000000000000000        0.0000000000000000        1.0000000000000000     

 !NewElementMapDefinition
         110        7315
         1.0000000000000000        0.0000000000000000        0.0000000000000000     
         0.0000000000000000        1.0000000000000000        0.0000000000000000     
         0.0000000000000000        0.0000000000000000        1.0000000000000000     

 !NewElementMapDefinition
         111        7316
         0.0000000000000000        0.0000000000000000        0.0000000000000000     
         0.0000000000000000        1.0000000000000000        0.0000000000000000     
         0.0000000000000000        0.0000000000000000        1.0000000000000000     

 !NewElementMapDefinition
         112        7318
         1.0000000000000000        0.0000000000000000        0.0000000000000000     
         0.0000000000000000        1.0000000000000000        0.0000000000000000     
         0.0000000000000000        0.0000000000000000        1.0000000000000000     

 !NewElementMapDefinition
         113        7319
         0.0000000000000000        0.0000000000000000        0.0000000000000000     
         0.0000000000000000        1.0000000000000000        0.0000000000000000     
         0.0000000000000000        0.0000000000000000        1.0000000000000000     

 !NewElementMapDefinition
         114        8281
         1.0000000000000000        0.0000000000000000        0.0000000000000000     
         0.0000000000000000        1.0000000000000000        0.0000000000000000     
         0.0000000000000000        0.0000000000000000        1.0000000000000000     

 !NewElementMapDefinition
         115        8282
         0.0000000000000000        0.0000000000000000        0.0000000000000000     
         0.0000000000000000        1.0000000000000000        0.0000000000000000     
         0.0000000000000000        0.0000000000000000        1.0000000000000000     

 !NewElementMapDefinition
         116        8284
         1.0000000000000000        0.0000000000000000        0.0000000000000000     
         0.0000000000000000        1.0000000000000000        0.0000000000000000     
         0.0000000000000000        0.0000000000000000        1.0000000000000000     

 !NewElementMapDefinition
         117        8285
         0.0000000000000000        0.0000000000000000        0.0000000000000000     
         0.0000000000000000        1.0000000000000000        0.0000000000000000     
         0.0000000000000000        0.0000000000000000        1.0000000000000000     

 !NewElementMapDefinition
         118       12011
         0.0000000000000000        0.0000000000000000        0.0000000000000000     
         1.0000000000000000        0.0000000000000000        0.0000000000000000     
         0.0000000000000000        0.0000000000000000        1.0000000000000000     

 !NewElementMapDefinition
         119       12012
         0.0000000000000000        0.0000000000000000        0.0000000000000000     
         0.0000000000000000        1.0000000000000000        0.0000000000000000     
         0.0000000000000000        0.0000000000000000        1.0000000000000000     

 !NewElementMapDefinition
         120       12014
         1.0000000000000000        0.0000000000000000        0.0000000000000000     
         0.0000000000000000        1.0000000000000000        0.0000000000000000     
         0.0000000000000000        0.0000000000000000        1.0000000000000000     

 !NewElementMapDefinition
         121       12015
         0.0000000000000000        0.0000000000000000        0.0000000000000000     
         0.0000000000000000        1.0000000000000000        0.0000000000000000     
         0.0000000000000000        0.0000000000000000        1.0000000000000000     

 !NewElementMapDefinition
         122       12017
         0.0000000000000000        0.0000000000000000        0.0000000000000000     
         0.0000000000000000        1.0000000000000000        0.0000000000000000     
         0.0000000000000000        0.0000000000000000        1.0000000000000000     

 !NewElementMapDefinition
         123       12018
         0.0000000000000000        0.0000000000000000        0.0000000000000000     
         0.0000000000000000        1.0000000000000000        0.0000000000000000     
         0.0000000000000000        0.0000000000000000        1.0000000000000000     

 !NewElementMapDefinition
         124       12020
         1.0000000000000000        0.0000000000000000        0.0000000000000000     
         0.0000000000000000        1.0000000000000000        0.0000000000000000     
         0.0000000000000000        0.0000000000000000        1.0000000000000000     

 !NewElementMapDefinition
         125       12021
         0.0000000000000000        0.0000000000000000        0.0000000000000000     
         0.0000000000000000        1.0000000000000000        0.0000000000000000     
         0.0000000000000000        0.0000000000000000        1.0000000000000000     

 !NewElementMapDefinition
         126       12075
         0.0000000000000000        0.0000000000000000        0.0000000000000000     
         0.0000000000000000        1.0000000000000000        0.0000000000000000     
         0.0000000000000000        0.0000000000000000        1.0000000000000000     

 !NewElementMapDefinition
         127       12076
         0.0000000000000000        0.0000000000000000        0.0000000000000000     
         0.0000000000000000        1.0000000000000000        0.0000000000000000     
         0.0000000000000000        0.0000000000000000        1.0000000000000000     

 !NewElementMapDefinition
         128       12078
         1.0000000000000000        0.0000000000000000        0.0000000000000000     
         0.0000000000000000        1.0000000000000000        0.0000000000000000     
         0.0000000000000000        0.0000000000000000        1.0000000000000000     

 !NewElementMapDefinition
         129       12079
         0.0000000000000000        0.0000000000000000        0.0000000000000000     
         0.0000000000000000        1.0000000000000000        0.0000000000000000     
         0.0000000000000000        0.0000000000000000        1.0000000000000000     

 !NewElementMapDefinition
         130       12189
         0.0000000000000000        0.0000000000000000        0.0000000000000000     
         0.0000000000000000        1.0000000000000000        0.0000000000000000     
         0.0000000000000000        0.0000000000000000        1.0000000000000000     

 !NewElementMapDefinition
         131       12190
         0.0000000000000000        0.0000000000000000        0.0000000000000000     
         0.0000000000000000        1.0000000000000000        0.0000000000000000     
         0.0000000000000000        0.0000000000000000        1.0000000000000000     

 !NewElementMapDefinition
         132       12192
         1.0000000000000000        0.0000000000000000        0.0000000000000000     
         0.0000000000000000        1.0000000000000000        0.0000000000000000     
         0.0000000000000000        0.0000000000000000        1.0000000000000000     

 !NewElementMapDefinition
         133       12193
         0.0000000000000000        0.0000000000000000        0.0000000000000000     
         0.0000000000000000        1.0000000000000000        0.0000000000000000     
         0.0000000000000000        0.0000000000000000        1.0000000000000000     

 !NewElementMapDefinition
         134       13327
         0.0000000000000000        0.0000000000000000        0.0000000000000000     
         0.0000000000000000        1.0000000000000000        0.0000000000000000     
         0.0000000000000000        0.0000000000000000        1.0000000000000000     

 !NewElementMapDefinition
         135       13328
         0.0000000000000000        0.0000000000000000        0.0000000000000000     
         0.0000000000000000        1.0000000000000000        0.0000000000000000     
         0.0000000000000000        0.0000000000000000        1.0000000000000000     

 !NewElementMapDefinition
         136       13330
         1.0000000000000000        0.0000000000000000        0.0000000000000000     
         0.0000000000000000        1.0000000000000000        0.0000000000000000     
         0.0000000000000000        0.0000000000000000        1.0000000000000000     

 !NewElementMapDefinition
         137       13331
         0.0000000000000000        0.0000000000000000        0.0000000000000000     
         0.0000000000000000        1.0000000000000000        0.0000000000000000     
         0.0000000000000000        0.0000000000000000        1.0000000000000000     

 !NewElementMapDefinition
         138       13579
         1.0000000000000000        0.0000000000000000        0.0000000000000000     
         0.0000000000000000        1.0000000000000000        0.0000000000000000     
         0.0000000000000000        0.0000000000000000        1.0000000000000000     

 !NewElementMapDefinition
         139       13580
         0.0000000000000000        0.0000000000000000        0.0000000000000000     
         0.0000000000000000        1.0000000000000000        0.0000000000000000     
         0.0000000000000000        0.0000000000000000        1.0000000000000000     

 !NewElementMapDefinition
         140       13582
         1.0000000000000000        0.0000000000000000        0.0000000000000000     
         0.0000000000000000        1.0000000000000000        0.0000000000000000     
         0.0000000000000000        0.0000000000000000        1.0000000000000000     

 !NewElementMapDefinition
         141       13583
         0.0000000000000000        0.0000000000000000        0.0000000000000000     
         0.0000000000000000        1.0000000000000000        0.0000000000000000     
         0.0000000000000000        0.0000000000000000        1.0000000000000000     

 !NewElementMapDefinition
         142       14785
         0.0000000000000000        0.0000000000000000        0.0000000000000000     
         0.0000000000000000        1.0000000000000000        0.0000000000000000     
         0.0000000000000000        0.0000000000000000        1.0000000000000000     

 !NewElementMapDefinition
         143       14786
         0.0000000000000000        0.0000000000000000        0.0000000000000000     
         0.0000000000000000        1.0000000000000000        0.0000000000000000     
         0.0000000000000000        0.0000000000000000        1.0000000000000000     

 !NewElementMapDefinition
         144       14788
         1.0000000000000000        0.0000000000000000        0.0000000000000000     
         0.0000000000000000        1.0000000000000000        0.0000000000000000     
         0.0000000000000000        0.0000000000000000        1.0000000000000000     

 !NewElementMapDefinition
         145       14789
         0.0000000000000000        0.0000000000000000        0.0000000000000000     
         0.0000000000000000        1.0000000000000000        0.0000000000000000     
         0.0000000000000000        0.0000000000000000        1.0000000000000000     

 !NewElementMapDefinition
         146       18875
         1.0000000000000000        0.0000000000000000        0.0000000000000000     
         0.0000000000000000        1.0000000000000000        0.0000000000000000     
         0.0000000000000000        0.0000000000000000        1.0000000000000000     

 !NewElementMapDefinition
         147       18876
         0.0000000000000000        0.0000000000000000        0.0000000000000000     
         0.0000000000000000        1.0000000000000000        0.0000000000000000     
         0.0000000000000000        0.0000000000000000        1.0000000000000000     

 !NewElementMapDefinition
         148       18878
         1.0000000000000000        0.0000000000000000        0.0000000000000000     
         0.0000000000000000        1.0000000000000000        0.0000000000000000     
         0.0000000000000000        0.0000000000000000        1.0000000000000000     

 !NewElementMapDefinition
         149       18879
         0.0000000000000000        0.0000000000000000        0.0000000000000000     
         0.0000000000000000        1.0000000000000000        0.0000000000000000     
         0.0000000000000000        0.0000000000000000        1.0000000000000000     

 !NewElementMapDefinition
         150       18947
         1.0000000000000000        0.0000000000000000        0.0000000000000000     
         0.0000000000000000        1.0000000000000000        0.0000000000000000     
         0.0000000000000000        0.0000000000000000        1.0000000000000000     

 !NewElementMapDefinition
         151       18948
         0.0000000000000000        0.0000000000000000        0.0000000000000000     
         0.0000000000000000        1.0000000000000000        0.0000000000000000     
         0.0000000000000000        0.0000000000000000        1.0000000000000000     

 !NewElementMapDefinition
         152       18950
         1.0000000000000000        0.0000000000000000        0.0000000000000000     
         0.0000000000000000        1.0000000000000000        0.0000000000000000     
         0.0000000000000000        0.0000000000000000        1.0000000000000000     

 !NewElementMapDefinition
         153       18951
         0.0000000000000000        0.0000000000000000        0.0000000000000000     
         0.0000000000000000        1.0000000000000000        0.0000000000000000     
         0.0000000000000000        0.0000000000000000        1.0000000000000000     

 !NewElementMapDefinition
         154       18953
         0.0000000000000000        0.0000000000000000        0.0000000000000000     
         0.0000000000000000        1.0000000000000000        0.0000000000000000     
         0.0000000000000000        0.0000000000000000        1.0000000000000000     

 !NewElementMapDefinition
         155       18954
         0.0000000000000000        0.0000000000000000        0.0000000000000000     
         0.0000000000000000        1.0000000000000000        0.0000000000000000     
         0.0000000000000000        0.0000000000000000        1.0000000000000000     

 !NewElementMapDefinition
         156       18956
         1.0000000000000000        0.0000000000000000        0.0000000000000000     
         0.0000000000000000        1.0000000000000000        0.0000000000000000     
         0.0000000000000000        0.0000000000000000        1.0000000000000000     

 !NewElementMapDefinition
         157       18957
         0.0000000000000000        0.0000000000000000        0.0000000000000000     
         0.0000000000000000        1.0000000000000000        0.0000000000000000     
         0.0000000000000000        0.0000000000000000        1.0000000000000000     

 !NewElementMapDefinition
         158       19067
         1.0000000000000000        0.0000000000000000        0.0000000000000000     
         0.0000000000000000        1.0000000000000000        0.0000000000000000     
         0.0000000000000000        0.0000000000000000        1.0000000000000000     

 !NewElementMapDefinition
         159       19068
         0.0000000000000000        0.0000000000000000        0.0000000000000000     
         0.0000000000000000        1.0000000000000000        0.0000000000000000     
         0.0000000000000000        0.0000000000000000        1.0000000000000000     

 !NewElementMapDefinition
         160       19070
         1.0000000000000000        0.0000000000000000        0.0000000000000000     
         0.0000000000000000        1.0000000000000000        0.0000000000000000     
         0.0000000000000000        0.0000000000000000        1.0000000000000000     

 !NewElementMapDefinition
         161       19071
         0.0000000000000000        0.0000000000000000        0.0000000000000000     
         0.0000000000000000        1.0000000000000000        0.0000000000000000     
         0.0000000000000000        0.0000000000000000        1.0000000000000000     

 !NewElementMapDefinition
         162       19361
         1.0000000000000000        0.0000000000000000        0.0000000000000000     
         0.0000000000000000        1.0000000000000000        0.0000000000000000     
         0.0000000000000000        0.0000000000000000        1.0000000000000000     

 !NewElementMapDefinition
         163       19362
         0.0000000000000000        0.0000000000000000        0.0000000000000000     
         0.0000000000000000        1.0000000000000000        0.0000000000000000     
         0.0000000000000000        0.0000000000000000        1.0000000000000000     

 !NewElementMapDefinition
         164       19364
         1.0000000000000000        0.0000000000000000        0.0000000000000000     
         0.0000000000000000        1.0000000000000000        0.0000000000000000     
         0.0000000000000000        0.0000000000000000        1.0000000000000000     

 !NewElementMapDefinition
         165       19365
         0.0000000000000000        0.0000000000000000        0.0000000000000000     
         0.0000000000000000        1.0000000000000000        0.0000000000000000     
         0.0000000000000000        0.0000000000000000        1.0000000000000000     

 !NewElementMapDefinition
         166       19959
         0.0000000000000000        0.0000000000000000        0.0000000000000000     
         0.0000000000000000        1.0000000000000000        0.0000000000000000     
         0.0000000000000000        0.0000000000000000        1.0000000000000000     

 !NewElementMapDefinition
         167       19960
         0.0000000000000000        0.0000000000000000        0.0000000000000000     
         0.0000000000000000        1.0000000000000000        0.0000000000000000     
         0.0000000000000000        0.0000000000000000        1.0000000000000000     

 !NewElementMapDefinition
         168       19962
         1.0000000000000000        0.0000000000000000        0.0000000000000000     
         0.0000000000000000        1.0000000000000000        0.0000000000000000     
         0.0000000000000000        0.0000000000000000        1.0000000000000000     

 !NewElementMapDefinition
         169       19963
         0.0000000000000000        0.0000000000000000        0.0000000000000000     
         0.0000000000000000        1.0000000000000000        0.0000000000000000     
         0.0000000000000000        0.0000000000000000        1.0000000000000000     

 !NewElementMapDefinition
         170       25719
         0.0000000000000000        0.0000000000000000        0.0000000000000000     
         0.0000000000000000        1.0000000000000000        0.0000000000000000     
         0.0000000000000000        0.0000000000000000        1.0000000000000000     

 !NewElementMapDefinition
         171       25720
         0.0000000000000000        0.0000000000000000        0.0000000000000000     
         0.0000000000000000        1.0000000000000000        0.0000000000000000     
         0.0000000000000000        0.0000000000000000        1.0000000000000000     

 !NewElementMapDefinition
         172       25722
         1.0000000000000000        0.0000000000000000        0.0000000000000000     
         0.0000000000000000        1.0000000000000000        0.0000000000000000     
         0.0000000000000000        0.0000000000000000        1.0000000000000000     

 !NewElementMapDefinition
         173       25723
         0.0000000000000000        0.0000000000000000        0.0000000000000000     
         0.0000000000000000        1.0000000000000000        0.0000000000000000     
         0.0000000000000000        0.0000000000000000        1.0000000000000000     

 !NewElementMapDefinition
         174       25911
         0.0000000000000000        0.0000000000000000        0.0000000000000000     
         0.0000000000000000        1.0000000000000000        0.0000000000000000     
         0.0000000000000000        0.0000000000000000        1.0000000000000000     

 !NewElementMapDefinition
         175       25912
         1.0000000000000000        0.0000000000000000        0.0000000000000000     
         0.0000000000000000        1.0000000000000000        0.0000000000000000     
         0.0000000000000000        0.0000000000000000        1.0000000000000000     

 !NewElementMapDefinition
         176       25914
         1.0000000000000000        0.0000000000000000        0.0000000000000000     
         0.0000000000000000        1.0000000000000000        0.0000000000000000     
         0.0000000000000000        0.0000000000000000        1.0000000000000000     

 !NewElementMapDefinition
         177       25915
         1.0000000000000000        0.0000000000000000        0.0000000000000000     
         0.0000000000000000        1.0000000000000000        0.0000000000000000     
         0.0000000000000000        0.0000000000000000        1.0000000000000000     

 !NewElementMapDefinition
         178       30219
         1.0000000000000000        0.0000000000000000        0.0000000000000000     
         0.0000000000000000        1.0000000000000000        0.0000000000000000     
         0.0000000000000000        0.0000000000000000        1.0000000000000000     

 !NewElementMapDefinition
         179       30220
         0.0000000000000000        0.0000000000000000        0.0000000000000000     
         0.0000000000000000        1.0000000000000000        0.0000000000000000     
         0.0000000000000000        0.0000000000000000        1.0000000000000000     

 !NewElementMapDefinition
         180       30222
         1.0000000000000000        0.0000000000000000        0.0000000000000000     
         0.0000000000000000        1.0000000000000000        0.0000000000000000     
         0.0000000000000000        0.0000000000000000        1.0000000000000000     

 !NewElementMapDefinition
         181       30223
         0.0000000000000000        0.0000000000000000        0.0000000000000000     
         0.0000000000000000        1.0000000000000000        0.0000000000000000     
         0.0000000000000000        0.0000000000000000        1.0000000000000000     

 !NewElementMapDefinition
         182       30225
         0.0000000000000000        0.0000000000000000        0.0000000000000000     
         0.0000000000000000        1.0000000000000000        0.0000000000000000     
         0.0000000000000000        0.0000000000000000        1.0000000000000000     

 !NewElementMapDefinition
         183       30226
         0.0000000000000000        0.0000000000000000        0.0000000000000000     
         0.0000000000000000        1.0000000000000000        0.0000000000000000     
         0.0000000000000000        0.0000000000000000        1.0000000000000000     

 !NewElementMapDefinition
         184       30228
         1.0000000000000000        0.0000000000000000        0.0000000000000000     
         0.0000000000000000        1.0000000000000000        0.0000000000000000     
         0.0000000000000000        0.0000000000000000        1.0000000000000000     

 !NewElementMapDefinition
         185       30229
         0.0000000000000000        0.0000000000000000        0.0000000000000000     
         0.0000000000000000        1.0000000000000000        0.0000000000000000     
         0.0000000000000000        0.0000000000000000        1.0000000000000000     

 !NewElementMapDefinition
         186       30703
         1.0000000000000000        0.0000000000000000        0.0000000000000000     
         0.0000000000000000        1.0000000000000000        0.0000000000000000     
         0.0000000000000000        0.0000000000000000        1.0000000000000000     

 !NewElementMapDefinition
         187       30704
         0.0000000000000000        0.0000000000000000        0.0000000000000000     
         0.0000000000000000        1.0000000000000000        0.0000000000000000     
         0.0000000000000000        0.0000000000000000        1.0000000000000000     

 !NewElementMapDefinition
         188       30706
         1.0000000000000000        0.0000000000000000        0.0000000000000000     
         0.0000000000000000        1.0000000000000000        0.0000000000000000     
         0.0000000000000000        0.0000000000000000        1.0000000000000000     

 !NewElementMapDefinition
         189       30707
         0.0000000000000000        0.0000000000000000        0.0000000000000000     
         0.0000000000000000        1.0000000000000000        0.0000000000000000     
         0.0000000000000000        0.0000000000000000        1.0000000000000000     

 !NewElementMapDefinition
         190       31117
         1.0000000000000000        0.0000000000000000        0.0000000000000000     
         0.0000000000000000        1.0000000000000000        0.0000000000000000     
         0.0000000000000000        0.0000000000000000        1.0000000000000000     

 !NewElementMapDefinition
         191       31118
         0.0000000000000000        0.0000000000000000        0.0000000000000000     
         0.0000000000000000        1.0000000000000000        0.0000000000000000     
         0.0000000000000000        0.0000000000000000        1.0000000000000000     

 !NewElementMapDefinition
         192       31120
         1.0000000000000000        0.0000000000000000        0.0000000000000000     
         0.0000000000000000        1.0000000000000000        0.0000000000000000     
         0.0000000000000000        0.0000000000000000        1.0000000000000000     

 !NewElementMapDefinition
         193       31121
         0.0000000000000000        0.0000000000000000        0.0000000000000000     
         0.0000000000000000        1.0000000000000000        0.0000000000000000     
         0.0000000000000000        0.0000000000000000        1.0000000000000000     

 !NewElementMapDefinition
         194       31855
         1.0000000000000000        0.0000000000000000        0.0000000000000000     
         0.0000000000000000        1.0000000000000000        0.0000000000000000     
         0.0000000000000000        0.0000000000000000        1.0000000000000000     

 !NewElementMapDefinition
         195       31856
         0.0000000000000000        0.0000000000000000        0.0000000000000000     
         0.0000000000000000        1.0000000000000000        0.0000000000000000     
         0.0000000000000000        0.0000000000000000        1.0000000000000000     

 !NewElementMapDefinition
         196       31858
         1.0000000000000000        0.0000000000000000        0.0000000000000000     
         0.0000000000000000        1.0000000000000000        0.0000000000000000     
         0.0000000000000000        0.0000000000000000        1.0000000000000000     

 !NewElementMapDefinition
         197       31859
         0.0000000000000000        0.0000000000000000        0.0000000000000000     
         0.0000000000000000        1.0000000000000000        0.0000000000000000     
         0.0000000000000000        0.0000000000000000        1.0000000000000000     

 !NewElementMapDefinition
         198       44095
         0.0000000000000000        0.0000000000000000        0.0000000000000000     
         1.0000000000000000        0.0000000000000000        0.0000000000000000     
         0.0000000000000000        1.0000000000000000        0.0000000000000000     

 !NewElementMapDefinition
         199       44097
         1.0000000000000000        0.0000000000000000        0.0000000000000000     
         0.0000000000000000        1.0000000000000000        0.0000000000000000     
         0.0000000000000000        0.0000000000000000        1.0000000000000000     

 !NewElementMapDefinition
         200       41742
         0.0000000000000000        0.0000000000000000        0.0000000000000000     
         1.0000000000000000        0.0000000000000000        0.0000000000000000     
         0.0000000000000000        1.0000000000000000        0.0000000000000000     

 !NewElementMapDefinition
         201       41773
         0.0000000000000000        0.0000000000000000        0.0000000000000000     
         1.0000000000000000        0.0000000000000000        0.0000000000000000     
         0.0000000000000000        1.0000000000000000        0.0000000000000000     

 !NewElementMapDefinition
         202       41772
         0.0000000000000000        0.0000000000000000        0.0000000000000000     
         1.0000000000000000        0.0000000000000000        0.0000000000000000     
         0.0000000000000000        1.0000000000000000        0.0000000000000000     

 !NewElementMapDefinition
         203       41777
         0.0000000000000000        0.0000000000000000        0.0000000000000000     
         1.0000000000000000        0.0000000000000000        0.0000000000000000     
         0.0000000000000000        1.0000000000000000        0.0000000000000000     

 !NewElementMapDefinition
         204       41782
         0.0000000000000000        0.0000000000000000        0.0000000000000000     
         0.0000000000000000        1.0000000000000000        0.0000000000000000     
         0.0000000000000000        0.0000000000000000        1.0000000000000000     

 !NewElementMapDefinition
         205       41778
         0.0000000000000000        0.0000000000000000        0.0000000000000000     
         1.0000000000000000        0.0000000000000000        0.0000000000000000     
         0.0000000000000000        1.0000000000000000        0.0000000000000000     

 !NewElementMapDefinition
         206       42428
         0.0000000000000000        0.0000000000000000        0.0000000000000000     
         1.0000000000000000        0.0000000000000000        0.0000000000000000     
         0.0000000000000000        1.0000000000000000        0.0000000000000000     

 !NewElementMapDefinition
         207       39546
         0.0000000000000000        0.0000000000000000        0.0000000000000000     
         1.0000000000000000        0.0000000000000000        0.0000000000000000     
         0.0000000000000000        1.0000000000000000        0.0000000000000000     

 !NewElementMapDefinition
         208       42424
         1.0000000000000000        0.0000000000000000        0.0000000000000000     
         0.0000000000000000        1.0000000000000000        0.0000000000000000     
         0.0000000000000000        0.0000000000000000        1.0000000000000000     

 !NewElementMapDefinition
         209       42429
         0.0000000000000000        0.0000000000000000        0.0000000000000000     
         1.0000000000000000        0.0000000000000000        0.0000000000000000     
         0.0000000000000000        0.0000000000000000        1.0000000000000000     

 !NewElementMapDefinition
         210       42430
         0.0000000000000000        0.0000000000000000        0.0000000000000000     
         1.0000000000000000        0.0000000000000000        0.0000000000000000     
         0.0000000000000000        1.0000000000000000        0.0000000000000000     

 !NewElementMapDefinition
         211       39389
         1.0000000000000000        0.0000000000000000        0.0000000000000000     
         0.0000000000000000        1.0000000000000000        0.0000000000000000     
         0.0000000000000000        0.0000000000000000        1.0000000000000000     

 !NewElementMapDefinition
         212       39388
         1.0000000000000000        0.0000000000000000        0.0000000000000000     
         0.0000000000000000        1.0000000000000000        0.0000000000000000     
         0.0000000000000000        0.0000000000000000        1.0000000000000000     

 !NewElementMapDefinition
         213       42788
         0.0000000000000000        0.0000000000000000        0.0000000000000000     
         1.0000000000000000        0.0000000000000000        0.0000000000000000     
         0.0000000000000000        0.0000000000000000        1.0000000000000000     

 !NewElementMapDefinition
         214       42795
         1.0000000000000000        0.0000000000000000        0.0000000000000000     
         0.0000000000000000        1.0000000000000000        0.0000000000000000     
         0.0000000000000000        0.0000000000000000        1.0000000000000000     

 !NewElementMapDefinition
         215       41790
         0.0000000000000000        0.0000000000000000        0.0000000000000000     
         1.0000000000000000        0.0000000000000000        0.0000000000000000     
         0.0000000000000000        1.0000000000000000        0.0000000000000000     

 !NewElementMapDefinition
         216       44120
         0.0000000000000000        0.0000000000000000        0.0000000000000000     
         1.0000000000000000        0.0000000000000000        0.0000000000000000     
         0.0000000000000000        0.0000000000000000        1.0000000000000000     

 !NewElementMapDefinition
         217       44138
         0.0000000000000000        0.0000000000000000        0.0000000000000000     
         1.0000000000000000        0.0000000000000000        0.0000000000000000     
         0.0000000000000000        1.0000000000000000        0.0000000000000000     

 !NewElementMapDefinition
         218       46357
         0.0000000000000000        0.0000000000000000        0.0000000000000000     
         0.0000000000000000        1.0000000000000000        0.0000000000000000     
         0.0000000000000000        0.0000000000000000        1.0000000000000000     

 !NewElementMapDefinition
         219       41677
         0.0000000000000000        0.0000000000000000        0.0000000000000000     
         1.0000000000000000        0.0000000000000000        0.0000000000000000     
         0.0000000000000000        0.0000000000000000        1.0000000000000000     

 !NewElementMapDefinition
         220       44096
         0.0000000000000000        0.0000000000000000        0.0000000000000000     
         1.0000000000000000        0.0000000000000000        0.0000000000000000     
         0.0000000000000000        1.0000000000000000        0.0000000000000000     

 !NewElementMapDefinition
         221       39384
         1.0000000000000000        0.0000000000000000        0.0000000000000000     
         0.0000000000000000        1.0000000000000000        0.0000000000000000     
         0.0000000000000000        0.0000000000000000        1.0000000000000000     

 !NewElementMapDefinition
         222       47705
         0.0000000000000000        0.0000000000000000        0.0000000000000000     
         0.0000000000000000        1.0000000000000000        0.0000000000000000     
         0.0000000000000000        0.0000000000000000        1.0000000000000000     

 !NewElementMapDefinition
         223       39383
         1.0000000000000000        0.0000000000000000        0.0000000000000000     
         0.0000000000000000        1.0000000000000000        0.0000000000000000     
         0.0000000000000000        0.0000000000000000        1.0000000000000000     

 !NewElementMapDefinition
         224       42784
         0.0000000000000000        0.0000000000000000        0.0000000000000000     
         1.0000000000000000        0.0000000000000000        0.0000000000000000     
         0.0000000000000000        1.0000000000000000        0.0000000000000000     

 !NewElementMapDefinition
         225       46084
         0.0000000000000000        0.0000000000000000        0.0000000000000000     
         0.0000000000000000        1.0000000000000000        0.0000000000000000     
         0.0000000000000000        0.0000000000000000        1.0000000000000000     

 !NewElementMapDefinition
         226       39277
         0.0000000000000000        0.0000000000000000        0.0000000000000000     
         1.0000000000000000        0.0000000000000000        0.0000000000000000     
         0.0000000000000000        1.0000000000000000        0.0000000000000000     

 !NewElementMapDefinition
         227       39423
         0.0000000000000000        0.0000000000000000        0.0000000000000000     
         1.0000000000000000        0.0000000000000000        0.0000000000000000     
         0.0000000000000000        1.0000000000000000        0.0000000000000000     

 !NewElementMapDefinition
         228       39421
         1.0000000000000000        0.0000000000000000        0.0000000000000000     
         0.0000000000000000        1.0000000000000000        0.0000000000000000     
         0.0000000000000000        0.0000000000000000        1.0000000000000000     

 !NewElementMapDefinition
         229       46088
         0.0000000000000000        0.0000000000000000        0.0000000000000000     
         0.0000000000000000        1.0000000000000000        0.0000000000000000     
         0.0000000000000000        0.0000000000000000        1.0000000000000000     

 !NewElementMapDefinition
         230       39352
         0.0000000000000000        0.0000000000000000        0.0000000000000000     
         1.0000000000000000        0.0000000000000000        0.0000000000000000     
         0.0000000000000000        1.0000000000000000        0.0000000000000000     

 !NewElementMapDefinition
         231       39427
         0.0000000000000000        0.0000000000000000        0.0000000000000000     
         1.0000000000000000        0.0000000000000000        0.0000000000000000     
         0.0000000000000000        0.0000000000000000        1.0000000000000000     

 !NewElementMapDefinition
         232       39528
         0.0000000000000000        0.0000000000000000        0.0000000000000000     
         1.0000000000000000        0.0000000000000000        0.0000000000000000     
         0.0000000000000000        1.0000000000000000        0.0000000000000000     

 !NewElementMapDefinition
         233       46370
         0.0000000000000000        0.0000000000000000        0.0000000000000000     
         0.0000000000000000        1.0000000000000000        0.0000000000000000     
         0.0000000000000000        0.0000000000000000        1.0000000000000000     

 !NewElementMapDefinition
         234       46112
         1.0000000000000000        0.0000000000000000        0.0000000000000000     
         0.0000000000000000        1.0000000000000000        0.0000000000000000     
         0.0000000000000000        0.0000000000000000        1.0000000000000000     

 !NewElementMapDefinition
         235       39418
         0.0000000000000000        0.0000000000000000        0.0000000000000000     
         1.0000000000000000        0.0000000000000000        0.0000000000000000     
         0.0000000000000000        1.0000000000000000        0.0000000000000000     

 !NewElementMapDefinition
         236       39404
         0.0000000000000000        0.0000000000000000        0.0000000000000000     
         1.0000000000000000        0.0000000000000000        0.0000000000000000     
         0.0000000000000000        1.0000000000000000        0.0000000000000000     

 !NewElementMapDefinition
         237       39395
         1.0000000000000000        0.0000000000000000        0.0000000000000000     
         0.0000000000000000        1.0000000000000000        0.0000000000000000     
         0.0000000000000000        0.0000000000000000        1.0000000000000000     

 !NewElementMapDefinition
         238       46105
         1.0000000000000000        0.0000000000000000        0.0000000000000000     
         0.0000000000000000        1.0000000000000000        0.0000000000000000     
         0.0000000000000000        0.0000000000000000        1.0000000000000000     

 !NewElementMapDefinition
         239       46130
         0.0000000000000000        0.0000000000000000        0.0000000000000000     
         0.0000000000000000        1.0000000000000000        0.0000000000000000     
         0.0000000000000000        0.0000000000000000        1.0000000000000000     

 !NewElementMapDefinition
         240       46131
         0.0000000000000000        0.0000000000000000        0.0000000000000000     
         1.0000000000000000        0.0000000000000000        0.0000000000000000     
         0.0000000000000000        0.0000000000000000        1.0000000000000000     

 !NewElementMapDefinition
         241       46362
         0.0000000000000000        0.0000000000000000        0.0000000000000000     
         0.0000000000000000        1.0000000000000000        0.0000000000000000     
         0.0000000000000000        0.0000000000000000        1.0000000000000000     

 !NewElementMapDefinition
         242       46363
         0.0000000000000000        0.0000000000000000        0.0000000000000000     
         1.0000000000000000        0.0000000000000000        0.0000000000000000     
         0.0000000000000000        0.0000000000000000        1.0000000000000000     

 !NewElementMapDefinition
         243       41793
         0.0000000000000000        0.0000000000000000        0.0000000000000000     
         1.0000000000000000        0.0000000000000000        0.0000000000000000     
         0.0000000000000000        1.0000000000000000        0.0000000000000000     

 !NewElementMapDefinition
         244       41792
         1.0000000000000000        0.0000000000000000        0.0000000000000000     
         0.0000000000000000        1.0000000000000000        0.0000000000000000     
         0.0000000000000000        0.0000000000000000        1.0000000000000000     

 !NewElementMapDefinition
         245       47455
         0.0000000000000000        0.0000000000000000        0.0000000000000000     
         1.0000000000000000        0.0000000000000000        0.0000000000000000     
         0.0000000000000000        0.0000000000000000        1.0000000000000000     

 !NewElementMapDefinition
         246       47454
         0.0000000000000000        0.0000000000000000        0.0000000000000000     
         0.0000000000000000        1.0000000000000000        0.0000000000000000     
         0.0000000000000000        0.0000000000000000        1.0000000000000000     
